{
 "cells": [
  {
   "cell_type": "code",
   "execution_count": 2,
   "metadata": {},
   "outputs": [
    {
     "data": {
      "text/plain": [
       "array([-0.00752074, -0.42368458,  0.6834138 ,  0.99298796,  1.22423655])"
      ]
     },
     "execution_count": 2,
     "metadata": {},
     "output_type": "execute_result"
    }
   ],
   "source": [
    "import numpy as np\n",
    "\n",
    "K = 5 #number of classes\n",
    "a = np.random.randn(K)\n",
    "a"
   ]
  },
  {
   "cell_type": "code",
   "execution_count": 3,
   "metadata": {},
   "outputs": [
    {
     "data": {
      "text/plain": [
       "array([ 0.99250747,  0.65463034,  1.98062767,  2.6992878 ,  3.40156815])"
      ]
     },
     "execution_count": 3,
     "metadata": {},
     "output_type": "execute_result"
    }
   ],
   "source": [
    "expa = np.exp(a)\n",
    "expa #now all positives"
   ]
  },
  {
   "cell_type": "code",
   "execution_count": 4,
   "metadata": {},
   "outputs": [
    {
     "data": {
      "text/plain": [
       "array([ 0.10201933,  0.06728912,  0.2035877 ,  0.27745841,  0.34964544])"
      ]
     },
     "execution_count": 4,
     "metadata": {},
     "output_type": "execute_result"
    }
   ],
   "source": [
    "answer = expa / expa.sum()\n",
    "answer #probabilites of a"
   ]
  },
  {
   "cell_type": "code",
   "execution_count": 5,
   "metadata": {},
   "outputs": [
    {
     "data": {
      "text/plain": [
       "1.0"
      ]
     },
     "execution_count": 5,
     "metadata": {},
     "output_type": "execute_result"
    }
   ],
   "source": [
    "answer.sum()"
   ]
  },
  {
   "cell_type": "code",
   "execution_count": 7,
   "metadata": {
    "collapsed": true
   },
   "outputs": [],
   "source": [
    "N = 100 #number of samples\n",
    "A = np.random.randn(N, K) #100 samples and 5 classes"
   ]
  },
  {
   "cell_type": "code",
   "execution_count": 13,
   "metadata": {},
   "outputs": [
    {
     "ename": "ValueError",
     "evalue": "operands could not be broadcast together with shapes (100,5) (100,) ",
     "output_type": "error",
     "traceback": [
      "\u001b[1;31m---------------------------------------------------------------------------\u001b[0m",
      "\u001b[1;31mValueError\u001b[0m                                Traceback (most recent call last)",
      "\u001b[1;32m<ipython-input-13-9af3b436136b>\u001b[0m in \u001b[0;36m<module>\u001b[1;34m()\u001b[0m\n\u001b[0;32m      1\u001b[0m \u001b[0mexpA\u001b[0m \u001b[1;33m=\u001b[0m \u001b[0mnp\u001b[0m\u001b[1;33m.\u001b[0m\u001b[0mexp\u001b[0m\u001b[1;33m(\u001b[0m\u001b[0mA\u001b[0m\u001b[1;33m)\u001b[0m\u001b[1;33m\u001b[0m\u001b[0m\n\u001b[1;32m----> 2\u001b[1;33m \u001b[0manswer\u001b[0m \u001b[1;33m=\u001b[0m \u001b[0mexpA\u001b[0m \u001b[1;33m/\u001b[0m \u001b[0mexpA\u001b[0m\u001b[1;33m.\u001b[0m\u001b[0msum\u001b[0m\u001b[1;33m(\u001b[0m\u001b[0maxis\u001b[0m\u001b[1;33m=\u001b[0m\u001b[1;36m1\u001b[0m\u001b[1;33m)\u001b[0m\u001b[1;33m\u001b[0m\u001b[0m\n\u001b[0m",
      "\u001b[1;31mValueError\u001b[0m: operands could not be broadcast together with shapes (100,5) (100,) "
     ]
    }
   ],
   "source": [
    "expA = np.exp(A)\n",
    "answer = expA / expA.sum(axis=1) #because is trying to divide 1d array by 2d array"
   ]
  },
  {
   "cell_type": "code",
   "execution_count": 15,
   "metadata": {},
   "outputs": [
    {
     "data": {
      "text/plain": [
       "array([[ 0.10536646,  0.04537317,  0.13900821,  0.30195011,  0.40830206],\n",
       "       [ 0.26230385,  0.34417865,  0.10486403,  0.10745962,  0.18119386],\n",
       "       [ 0.55278691,  0.08756456,  0.13227584,  0.08048744,  0.14688525],\n",
       "       [ 0.01978663,  0.05589865,  0.20035572,  0.14802151,  0.57593749],\n",
       "       [ 0.69419193,  0.02451856,  0.12951693,  0.07224833,  0.07952425],\n",
       "       [ 0.20123942,  0.12920002,  0.54101236,  0.03296733,  0.09558088],\n",
       "       [ 0.09863173,  0.18346897,  0.44186678,  0.19279878,  0.08323374],\n",
       "       [ 0.41730189,  0.05676672,  0.16194316,  0.12626762,  0.23772061],\n",
       "       [ 0.0102973 ,  0.46037677,  0.22071152,  0.13667766,  0.17193675],\n",
       "       [ 0.4513047 ,  0.09207893,  0.23230505,  0.03370371,  0.1906076 ],\n",
       "       [ 0.12266397,  0.1029196 ,  0.23999866,  0.33226782,  0.20214994],\n",
       "       [ 0.06948342,  0.05875894,  0.0176534 ,  0.27937166,  0.57473259],\n",
       "       [ 0.07573985,  0.07019835,  0.07788175,  0.08981666,  0.6863634 ],\n",
       "       [ 0.16991664,  0.11017815,  0.37122915,  0.12022892,  0.22844714],\n",
       "       [ 0.0540119 ,  0.05393703,  0.68619911,  0.10537283,  0.10047914],\n",
       "       [ 0.07492884,  0.08861969,  0.29927203,  0.09554415,  0.44163529],\n",
       "       [ 0.08497945,  0.05064437,  0.12802355,  0.0296769 ,  0.70667572],\n",
       "       [ 0.51252397,  0.0786787 ,  0.09150766,  0.09764008,  0.21964959],\n",
       "       [ 0.49360769,  0.13483334,  0.13926664,  0.05680098,  0.17549135],\n",
       "       [ 0.09319512,  0.33864941,  0.28110156,  0.09891205,  0.18814186],\n",
       "       [ 0.1430048 ,  0.0827522 ,  0.23957651,  0.0161606 ,  0.51850589],\n",
       "       [ 0.04453808,  0.28373487,  0.18429325,  0.41189513,  0.07553867],\n",
       "       [ 0.39879866,  0.10211899,  0.19016089,  0.06607713,  0.24284434],\n",
       "       [ 0.28805122,  0.41278433,  0.02147776,  0.04382022,  0.23386647],\n",
       "       [ 0.2940831 ,  0.06722758,  0.01736015,  0.48212477,  0.1392044 ],\n",
       "       [ 0.1384773 ,  0.07330785,  0.09379408,  0.34575802,  0.34866275],\n",
       "       [ 0.07434334,  0.18150331,  0.31064547,  0.39698362,  0.03652426],\n",
       "       [ 0.03479876,  0.1203039 ,  0.0441435 ,  0.08078713,  0.71996672],\n",
       "       [ 0.11009156,  0.15485608,  0.20199263,  0.23934358,  0.29371615],\n",
       "       [ 0.0688195 ,  0.22649225,  0.49315803,  0.12925061,  0.0822796 ],\n",
       "       [ 0.26036591,  0.29433718,  0.0664983 ,  0.30195108,  0.07684753],\n",
       "       [ 0.16747222,  0.08531169,  0.07163695,  0.61513398,  0.06044516],\n",
       "       [ 0.02747729,  0.3222954 ,  0.14063351,  0.35940637,  0.15018743],\n",
       "       [ 0.11851069,  0.16039033,  0.46749072,  0.15435018,  0.09925808],\n",
       "       [ 0.09664516,  0.22836437,  0.42202504,  0.17127193,  0.08169351],\n",
       "       [ 0.22843931,  0.16902306,  0.12352595,  0.10047192,  0.37853976],\n",
       "       [ 0.09917915,  0.0952275 ,  0.25033529,  0.03354801,  0.52171005],\n",
       "       [ 0.35083004,  0.03927137,  0.08330769,  0.16869758,  0.35789333],\n",
       "       [ 0.18639088,  0.55582828,  0.16345363,  0.08160362,  0.01272358],\n",
       "       [ 0.17357764,  0.13537423,  0.26520939,  0.21260055,  0.21323819],\n",
       "       [ 0.12116647,  0.21235284,  0.12743703,  0.09473446,  0.4443092 ],\n",
       "       [ 0.06030513,  0.28527795,  0.20712768,  0.11114668,  0.33614257],\n",
       "       [ 0.27765688,  0.27258912,  0.0636385 ,  0.22605178,  0.16006372],\n",
       "       [ 0.44463309,  0.2324893 ,  0.09718177,  0.11008798,  0.11560787],\n",
       "       [ 0.10353616,  0.1242696 ,  0.18994625,  0.03121017,  0.55103783],\n",
       "       [ 0.02353282,  0.74783545,  0.03870875,  0.15708421,  0.03283876],\n",
       "       [ 0.18101309,  0.11079886,  0.06890184,  0.04499566,  0.59429054],\n",
       "       [ 0.12456161,  0.15672575,  0.315395  ,  0.13979432,  0.26352332],\n",
       "       [ 0.18558261,  0.16464035,  0.09832638,  0.1246269 ,  0.42682375],\n",
       "       [ 0.48803862,  0.06524395,  0.27709685,  0.05885817,  0.11076241],\n",
       "       [ 0.17682134,  0.17117259,  0.20488699,  0.20383734,  0.24328174],\n",
       "       [ 0.21156674,  0.27197827,  0.18717375,  0.0424328 ,  0.28684844],\n",
       "       [ 0.43633152,  0.17174369,  0.0815868 ,  0.10957852,  0.20075947],\n",
       "       [ 0.43630846,  0.07662079,  0.25251393,  0.10854552,  0.12601131],\n",
       "       [ 0.39769881,  0.04915492,  0.45322839,  0.071472  ,  0.02844587],\n",
       "       [ 0.13397583,  0.10765211,  0.0307793 ,  0.56515665,  0.16243611],\n",
       "       [ 0.20027897,  0.1629089 ,  0.2504705 ,  0.31914766,  0.06719397],\n",
       "       [ 0.67806458,  0.08956207,  0.07179746,  0.06435688,  0.09621901],\n",
       "       [ 0.01903629,  0.3551395 ,  0.26393851,  0.0424849 ,  0.3194008 ],\n",
       "       [ 0.34613536,  0.13121483,  0.06918295,  0.39357691,  0.05988995],\n",
       "       [ 0.16444473,  0.02189464,  0.04757978,  0.11324059,  0.65284025],\n",
       "       [ 0.11669222,  0.04627767,  0.03385659,  0.45092211,  0.35225141],\n",
       "       [ 0.16055267,  0.17428722,  0.5091675 ,  0.08438866,  0.07160396],\n",
       "       [ 0.35158444,  0.08504329,  0.05741825,  0.09963965,  0.40631436],\n",
       "       [ 0.07652417,  0.02952364,  0.10911526,  0.72624802,  0.05858891],\n",
       "       [ 0.28598235,  0.04494672,  0.13349531,  0.30291264,  0.23266298],\n",
       "       [ 0.04273636,  0.06794942,  0.18988388,  0.12825258,  0.57117776],\n",
       "       [ 0.21369929,  0.13387075,  0.13858297,  0.12213748,  0.39170951],\n",
       "       [ 0.01505409,  0.02810885,  0.02833043,  0.80999302,  0.11851361],\n",
       "       [ 0.11383491,  0.09614369,  0.65305543,  0.0600852 ,  0.07688077],\n",
       "       [ 0.09593312,  0.12240353,  0.14453445,  0.2253048 ,  0.4118241 ],\n",
       "       [ 0.30519115,  0.09298876,  0.08580083,  0.04846233,  0.46755693],\n",
       "       [ 0.15056478,  0.02577523,  0.53576556,  0.27246447,  0.01542996],\n",
       "       [ 0.02561133,  0.39212314,  0.11317095,  0.34606653,  0.12302805],\n",
       "       [ 0.13892246,  0.09215584,  0.13501372,  0.04082434,  0.59308364],\n",
       "       [ 0.06639441,  0.44160352,  0.35604672,  0.09697538,  0.03897998],\n",
       "       [ 0.00920884,  0.0261516 ,  0.90068146,  0.05979843,  0.00415967],\n",
       "       [ 0.02660311,  0.02579193,  0.66376986,  0.03710383,  0.24673127],\n",
       "       [ 0.15879233,  0.34407522,  0.2481673 ,  0.08275883,  0.16620632],\n",
       "       [ 0.47312475,  0.07331994,  0.10580912,  0.22223281,  0.12551339],\n",
       "       [ 0.26116949,  0.05744075,  0.01920663,  0.13417772,  0.5280054 ],\n",
       "       [ 0.22080806,  0.18482226,  0.31127282,  0.24962905,  0.03346782],\n",
       "       [ 0.11502633,  0.21544522,  0.03631607,  0.30747626,  0.32573613],\n",
       "       [ 0.04363169,  0.11347196,  0.05857855,  0.72746242,  0.05685538],\n",
       "       [ 0.09036352,  0.25985049,  0.1832332 ,  0.12697856,  0.33957423],\n",
       "       [ 0.02627575,  0.27047719,  0.39513069,  0.10259865,  0.20551773],\n",
       "       [ 0.74063754,  0.03999492,  0.06145158,  0.03166615,  0.12624981],\n",
       "       [ 0.26000898,  0.14777086,  0.18104848,  0.12493736,  0.2862343 ],\n",
       "       [ 0.161148  ,  0.41201996,  0.12363544,  0.14099741,  0.16219919],\n",
       "       [ 0.07449481,  0.18002343,  0.47869073,  0.25143303,  0.01535801],\n",
       "       [ 0.04688699,  0.15485118,  0.14507079,  0.47301017,  0.18018087],\n",
       "       [ 0.00697202,  0.16920627,  0.36954894,  0.39767614,  0.05659664],\n",
       "       [ 0.03115065,  0.07100936,  0.84704272,  0.01276458,  0.03803269],\n",
       "       [ 0.33280202,  0.19117535,  0.07467991,  0.28239664,  0.11894608],\n",
       "       [ 0.25135035,  0.02438854,  0.1509743 ,  0.45720438,  0.11608243],\n",
       "       [ 0.00818467,  0.02711899,  0.00333764,  0.90206227,  0.05929643],\n",
       "       [ 0.03040221,  0.34338321,  0.40941831,  0.03655594,  0.18024032],\n",
       "       [ 0.16774125,  0.10007225,  0.30091671,  0.07074339,  0.3605264 ],\n",
       "       [ 0.14898294,  0.19753381,  0.22236665,  0.13657242,  0.29454418],\n",
       "       [ 0.08419291,  0.15008164,  0.04914192,  0.5887954 ,  0.12778812]])"
      ]
     },
     "execution_count": 15,
     "metadata": {},
     "output_type": "execute_result"
    }
   ],
   "source": [
    "answer = expA / expA.sum(axis=1, keepdims=True)\n",
    "answer #N x K matrix"
   ]
  },
  {
   "cell_type": "code",
   "execution_count": 17,
   "metadata": {},
   "outputs": [
    {
     "data": {
      "text/plain": [
       "array([ 1.,  1.,  1.,  1.,  1.,  1.,  1.,  1.,  1.,  1.,  1.,  1.,  1.,\n",
       "        1.,  1.,  1.,  1.,  1.,  1.,  1.,  1.,  1.,  1.,  1.,  1.,  1.,\n",
       "        1.,  1.,  1.,  1.,  1.,  1.,  1.,  1.,  1.,  1.,  1.,  1.,  1.,\n",
       "        1.,  1.,  1.,  1.,  1.,  1.,  1.,  1.,  1.,  1.,  1.,  1.,  1.,\n",
       "        1.,  1.,  1.,  1.,  1.,  1.,  1.,  1.,  1.,  1.,  1.,  1.,  1.,\n",
       "        1.,  1.,  1.,  1.,  1.,  1.,  1.,  1.,  1.,  1.,  1.,  1.,  1.,\n",
       "        1.,  1.,  1.,  1.,  1.,  1.,  1.,  1.,  1.,  1.,  1.,  1.,  1.,\n",
       "        1.,  1.,  1.,  1.,  1.,  1.,  1.,  1.,  1.])"
      ]
     },
     "execution_count": 17,
     "metadata": {},
     "output_type": "execute_result"
    }
   ],
   "source": [
    "answer.sum(axis=1)"
   ]
  }
 ],
 "metadata": {
  "kernelspec": {
   "display_name": "Python 3",
   "language": "python",
   "name": "python3"
  },
  "language_info": {
   "codemirror_mode": {
    "name": "ipython",
    "version": 3
   },
   "file_extension": ".py",
   "mimetype": "text/x-python",
   "name": "python",
   "nbconvert_exporter": "python",
   "pygments_lexer": "ipython3",
   "version": "3.6.1"
  }
 },
 "nbformat": 4,
 "nbformat_minor": 2
}
